100018166233450
100004506879148
100003562522313
100008905780938
100011574636378
100002246740944
100022023263714
100008085690429
100011052281768
100010412143024
100014186594076
100011641562850
100008139739071
100012664210461
100012510124528
100003059798898
100010894633414
100012222431607
100013583799197
100022773066989
100010731648198
100010536611026
100003840255411
100011296510143
100011616130834
100008474554337
100010008948130
100010475311239
100000052346042
100006785011500
100004069725168
100013437871685
100015439470522
100008202524552
100011327484170
100005368303194
100007924303459
100013746811075
100021745066664
100011225824558
100013574590963
100014110590154
100013092824683
100017542683793
100014240646248
100010054396969
100013580915354
100013765684628
100008228171770
100014639437135
100010516330432
100012758624418
100014476204652
100009615644941
100011077903573
100021813276517
100006330187354
100013489184683
100013531156280
100010341280528
100010947319339
100021696879386
1584560923
100011307972485
100022540247038
100007617361397
100022565463295
100009250789476
100016508737775
100021825098128
100021816304962
100021799267851
100021759552983
100017253282883
100008187464001
100012966931401
100001151373604
100006525541869
100015150786901
100017525080689
727042090
100011903865886
100011640603231
100007727560531
100010033129438
100015695014737
100015347580321
100013446520447
100010998047285
100013145887693
100014537250695
100012637507792
100014449687995
100013405517946
100012125111878
100012139873125
100005347482165
100013023017945
100007822087042
100010700257666
100007978181425
100011643875093
100013937464574
100010511947312
100007935527585
100012381706581
100004430117571
100007608979329
100009509690198
100013588541603
100013705637478
100012864373287
100002313242130
100005355275297
100006762735131
100013242283167
100013634227785
100013586498523
100002789347951
100013517020826
100013569466469
100007660067906
100013733880006
100013604070709
100012874140106
100000233770204
100010990183802
100009952637434
100012151777691
100013335138214
100012528725176
100024064205461
100023867438965
100025147969529
100004328652190
100011381122926